cg = 1005
M = 0.0289644
ks = 0.025
n1 = 1.000293
a_VdW = 0.137324802
b_VdW = 3.720601E-5