name = water
formula = H2O
A1 = 10.20389
A2 = 10.40221
B1 = 1733.926
B2 = 1838.675
C1 = -39.485
C2 = -31.737
M = 0.01801528
cg = 1996
cl = 4187
cs = 2108
he = 2270
hm = 334
hs = 0
dl = 1000
ds = 917
ks = 0.02439
T_fr = 233
T_m = 273.15
T_b = 373.15
n1 = 1.333
a_VdW = 0.5536
b_VdW = 3.049E-5