A1 = 10.20389
A2 = 10.40221
B1 = 1733.926
B2 = 1838.675
C1 = -39.485
C2 = -31.737
M = 0.01801528
cg = 1996
cl = 4187
cs = 2108
he = 2270
hm = 334
hs = 0
dl = 1000
ds = 917
t_fr = 233
t_m = 273.15
t_e = 373.15